



====================================================================================================
  Total matrix: MAT1C01H â†’ IMOLLER
====================================================================================================
  MAT1C01Hâ†’IMOLLER
  C:  +2.640387261277982e-03  +1.693012830957557e-04  +2.652719009728641e-03  +1.740607568703163e-04  +1.289374149963925e+02  +0.000000000000000e+00
  R1: +2.092756908690635e+00  -2.148308066370464e+01  +0.000000000000000e+00  +0.000000000000000e+00  +0.000000000000000e+00  +3.598575355940656e-01
  R2: -4.167589095279706e-02  +9.056601458104988e-01  +0.000000000000000e+00  +0.000000000000000e+00  +0.000000000000000e+00  -3.318593277967227e-02
  R3: +0.000000000000000e+00  +0.000000000000000e+00  +3.590532386889973e-02  +8.655154709382815e+00  +0.000000000000000e+00  -7.749892843676043e-03
  R4: +0.000000000000000e+00  +0.000000000000000e+00  -1.215278643414966e-01  -1.443865749988008e+00  +0.000000000000000e+00  +1.097506756899557e-05
  R5: -5.398924173534599e-02  +3.810182021936868e-01  -6.154490330191627e-04  -5.789536078928868e-03  +1.000000000000000e+00  +6.715734518477470e-01
  R6: +0.000000000000000e+00  +0.000000000000000e+00  +0.000000000000000e+00  +0.000000000000000e+00  +0.000000000000000e+00  +1.000000000000000e+00


====================================================================================================
  Total matrix: MAT1C02H â†’ IMOLLER
====================================================================================================
  MAT1C02Hâ†’IMOLLER
  C:  +2.640387261277982e-03  +1.693012830957557e-04  +2.652719009728641e-03  +1.740607568703163e-04  +1.268622149763926e+02  +0.000000000000000e+00
  R1: -3.600692412240279e+00  -2.413997735939606e+01  +0.000000000000000e+00  +0.000000000000000e+00  +0.000000000000000e+00  +3.598575355940656e-01
  R2: +1.796272451791944e-01  +9.265433560543300e-01  +0.000000000000000e+00  +0.000000000000000e+00  +0.000000000000000e+00  -3.318593277967227e-02
  R3: +0.000000000000000e+00  +0.000000000000000e+00  -1.949314298330338e+00  +9.166442416340404e+00  +0.000000000000000e+00  -7.749892843676043e-03
  R4: +0.000000000000000e+00  +0.000000000000000e+00  +1.621688026291923e-01  -1.275582389744525e+00  +0.000000000000000e+00  +1.097506756899557e-05
  R5: +5.377203263215830e-02  +4.611703029281597e-01  +4.694380022270060e-04  -4.833498554892847e-03  +1.000000000000000e+00  +6.715734518477470e-01
  R6: +0.000000000000000e+00  +0.000000000000000e+00  +0.000000000000000e+00  +0.000000000000000e+00  +0.000000000000000e+00  +1.000000000000000e+00


====================================================================================================
  Total matrix: MAT1C03V â†’ IMOLLER
====================================================================================================
  MAT1C03Vâ†’IMOLLER
  C:  +2.640387261277982e-03  +1.693012830957557e-04  +2.652719009728641e-03  +1.740607568703163e-04  +1.241430739563926e+02  +0.000000000000000e+00
  R1: -2.363098427150739e+00  -1.523573083322098e+01  +0.000000000000000e+00  +0.000000000000000e+00  +0.000000000000000e+00  +3.598575355940656e-01
  R2: +1.381956632158643e-01  +4.678230556855464e-01  +0.000000000000000e+00  +0.000000000000000e+00  +0.000000000000000e+00  -3.318593277967227e-02
  R3: +0.000000000000000e+00  +0.000000000000000e+00  -1.000269188063041e+00  +1.378911384933776e+01  +0.000000000000000e+00  -7.749892843676043e-03
  R4: +0.000000000000000e+00  +0.000000000000000e+00  +4.597517355891773e-02  -1.633517179121604e+00  +0.000000000000000e+00  +1.097506756899557e-05
  R5: +2.792883368389732e-02  +3.334575249320862e-01  +5.025812698959712e-05  -5.810382377892747e-03  +1.000000000000000e+00  +6.715734518477470e-01
  R6: +0.000000000000000e+00  +0.000000000000000e+00  +0.000000000000000e+00  +0.000000000000000e+00  +0.000000000000000e+00  +1.000000000000000e+00


====================================================================================================
  Total matrix: MAT1C08H â†’ IMOLLER
====================================================================================================
  MAT1C08Hâ†’IMOLLER
  C:  +2.640387261277982e-03  +1.693012830957557e-04  +2.652719009728641e-03  +1.740607568703163e-04  +8.840810706312861e+01  +0.000000000000000e+00
  R1: +1.280591460593675e+00  +2.197364719808044e+01  +0.000000000000000e+00  +0.000000000000000e+00  +0.000000000000000e+00  -2.566937080739941e-03
  R2: -9.496623961548678e-02  -8.486349304057254e-01  +0.000000000000000e+00  +0.000000000000000e+00  +0.000000000000000e+00  -1.635260961296809e-04
  R3: +0.000000000000000e+00  +0.000000000000000e+00  +9.356937643893432e-01  -6.045035987835858e+00  +0.000000000000000e+00  -7.749892843676043e-03
  R4: +0.000000000000000e+00  +0.000000000000000e+00  +9.161789438622894e-02  +4.768296512018384e-01  +0.000000000000000e+00  +1.097506756899557e-05
  R5: +1.236120427903094e-05  +1.712749369151316e-04  +6.421225861083431e-04  +1.322310069830177e-03  +1.000000000000000e+00  +6.714396388849756e-01
  R6: +0.000000000000000e+00  +0.000000000000000e+00  +0.000000000000000e+00  +0.000000000000000e+00  +0.000000000000000e+00  +1.000000000000000e+00



====================================================================================================
  Total matrix: MAT1C08V â†’ IMOLLER
====================================================================================================
  MAT1C08Vâ†’IMOLLER
  C:  +2.640387261277982e-03  +1.693012830957557e-04  +2.652719009728641e-03  +1.740607568703163e-04  +8.820810705312861e+01  +0.000000000000000e+00
  R1: +1.280591460593675e+00  +2.171752889315576e+01  +0.000000000000000e+00  +0.000000000000000e+00  +0.000000000000000e+00  -2.566937080739941e-03
  R2: -9.496623961548678e-02  -8.296416815329717e-01  +0.000000000000000e+00  +0.000000000000000e+00  +0.000000000000000e+00  -1.635260961296809e-04
  R3: +0.000000000000000e+00  +0.000000000000000e+00  +9.356937643893432e-01  -6.232174750070635e+00  +0.000000000000000e+00  -7.749892843676043e-03
  R4: +0.000000000000000e+00  +0.000000000000000e+00  +9.161789438622894e-02  +4.585060714084140e-01  +0.000000000000000e+00  +1.097506756899557e-05
  R5: +1.236120427903094e-05  +1.688026959311524e-04  +6.421225861083431e-04  +1.193885546187168e-03  +1.000000000000000e+00  +6.714396388849756e-01
  R6: +0.000000000000000e+00  +0.000000000000000e+00  +0.000000000000000e+00  +0.000000000000000e+00  +0.000000000000000e+00  +1.000000000000000e+00


====================================================================================================
  Total matrix: MAT1C10H â†’ IMOLLER
====================================================================================================
  MAT1C10Hâ†’IMOLLER
  C:  +2.640387261277982e-03  +1.693012830957557e-04  +2.652719009728641e-03  +1.740607568703163e-04  +7.800810869512668e+01  +0.000000000000000e+00
  R1: +1.276345666127874e+00  +8.687390795666319e+00  +0.000000000000000e+00  +0.000000000000000e+00  +0.000000000000000e+00  -2.297366229040432e+00
  R2: -9.486780293829683e-02  +1.377732746037578e-01  +0.000000000000000e+00  +0.000000000000000e+00  +0.000000000000000e+00  +5.304027803018051e-02
  R3: +0.000000000000000e+00  +0.000000000000000e+00  +8.921602647345273e-01  -1.558267132002388e+01  +0.000000000000000e+00  -7.749892843676043e-03
  R4: +0.000000000000000e+00  +0.000000000000000e+00  +9.161300439477089e-02  -4.792584393464847e-01  +0.000000000000000e+00  +1.097506756899557e-05
  R5: -1.497837906574321e-01  +7.784072187562263e-01  +6.340422975780115e-04  -5.336643522239071e-03  +1.000000000000000e+00  +6.366908133180159e-01
  R6: +0.000000000000000e+00  +0.000000000000000e+00  +0.000000000000000e+00  +0.000000000000000e+00  +0.000000000000000e+00  +1.000000000000000e+00




====================================================================================================
  Total matrix: MAT1C10V â†’ IMOLLER
====================================================================================================
  MAT1C10Vâ†’IMOLLER
  C:  +2.640387261277982e-03  +1.693012830957557e-04  +2.652719009728641e-03  +1.740607568703163e-04  +7.780810868512668e+01  +0.000000000000000e+00
  R1: +1.276345666127874e+00  +8.432121649677295e+00  +0.000000000000000e+00  +0.000000000000000e+00  +0.000000000000000e+00  -2.297366229040432e+00
  R2: -9.486780293829683e-02  +1.567468361400951e-01  +0.000000000000000e+00  +0.000000000000000e+00  +0.000000000000000e+00  +5.304027803018051e-02
  R3: +0.000000000000000e+00  +0.000000000000000e+00  +8.921602647345273e-01  -1.576110338189240e+01  +0.000000000000000e+00  -7.749892843676043e-03
  R4: +0.000000000000000e+00  +0.000000000000000e+00  +9.161300439477089e-02  -4.975810411415681e-01  +0.000000000000000e+00  +1.097506756899557e-05
  R5: -1.497837906574321e-01  +8.083639783855480e-01  +6.340422975780115e-04  -5.463451988095076e-03  +1.000000000000000e+00  +6.366908133180159e-01
  R6: +0.000000000000000e+00  +0.000000000000000e+00  +0.000000000000000e+00  +0.000000000000000e+00  +0.000000000000000e+00  +1.000000000000000e+00

